537
9035
18876
1401
-6070
-13485
-3124
7948
13165
1595
-14070
-17778
-4462
11416
13773
5702
-9093
-8901
-599
9021
4960
1237
-15681
-19986
3942
11089
12671
-3766
-12054
-10933
7336
13521
9017
-972
-15021
-7789
-1291
15728
10391
-353
-14917
-14006
3627
14705
11105
3833
-10486
-15821
-3040
8802
10158
664
-10751
-13488
1027
7969
12383
-6141
-11864
-8368
474
15912
10509
635
-12824
-12236
2261
12619
6345
-298
-9680
-12968
-3328
12063
13656
3254
-3227
-7712
1578
13218
14035
1994
-12247
-17066
61
6491
10753
-1669
-11916
-6120
3917
17810
9991
-5886
-7102
-9785
595
7172
11607
-2874
-11978
-13806
-1741
16715
17855
-1758
-13077
-9064
2629
6174
8796
-3747
-9834
-7138
-1231
13343
8921
-1470
-7163
-10698
1824
14236
7865
2761
-13830
-8135
2926
15768
12787
2516
-12771
-16188
-1671
13610
9852
404
-7832
-6197
-253
8625
9028
6173
-17407
-10669
-1060
11057
5526
-4804
-6162
-17101
4968
10325
10555
-1205
-14376
-9051
-1115
12603
14500
1116
-11453
-7089
-3856
8152
10749
-6051
-9409
-13260
-1118
9474
17863
-1993
-11404
-12987
533
11503
13770
-3899
-12487
-17302
866
14424
12690
-2743
-9669
-13089
-527
12945
6012
-2918
-12814
-10482
-739
10833
9769
5998
-10301
-14531
1371
4353
14334
-7074
-9394
-16851
-716
7048
12097
-2204
-12809
-5692
-3313
14133
8839
-1313
-7189
-9784
1451
15133
9424
-546
-10052
-10612
3005
5585
8377
-4133
-16419
-9424
-1451
7890
10696
-5697
-15360
-10328
-5669
16279
7043
-180
-13726
-11908
1350
15360
15333
-1397
-11939
-10550
5438
14299
5981
-2404
-15039
-14433
2347
9813
16594
1723
-10299
-4485
-1278
12560
13357
-2108
-10739
-15997
3387
17571
12360
-7171
-5186
-15546
-4159
8528
10470
-4550
-1360
-14405
2899
13595
8577
-3015
-5840
-8976
-3608
10434
10981
2090
-8150
-8065
3195
12327
16865
-2757
-4529
-9126
4780
10626
8816
1765
-9789
-9745
674
13580
12990
-2522
-15830
-9849
565
12975
6489
-2119
-10696
-6944
-3925
11781
12070
936
-14007
-14027
-1797
11576
12946
6777
-16589
-8103
3419
11021
8246
-1136
-12453
-9457
800
13698
11089
1920
-11671
-5477
-2310
13753
18742
-1905
-11120
-8831
296
14477
12322
4480
-12060
-17014
2586
10171
11506
2068
-17707
-12528
1925
3878
7691
-2675
-12941
-9172
-4353
10938
13425
1540
-11143
-9528
5163
11763
16678
5898
-12929
-12637
1990
8888
5927
890
-9924
-10705
-3152
10066
14727
590
-11984
-13232
-1190
11449
12348
-2301
-14614
-11208
534
11463
9333
-5439
-11914
-8514
5933
13044
12452
1517
-10997
-14013
-1997
7590
10874
603
-8597
-12690
-3141
12422
6644
-3418
-16611
-11158
1072
8046
10586
2123
-10589
-12262
207
10792
7148
1661
-8808
-10522
1152
12646
12473
-1489
-10039
-9728
4512
5811
6331
2148
-7639
-10315
-3924
9476
14673
4038
-9032
-16175
1483
4984
12092
-394
-8866
-11770
-3394
10366
10949
-4905
-10342
-14242
3652
12945
9714
-3653
-16863
-8421
4315
12225
9418
1561
-11175
-10455
5655
10685
11736
-3849
-13718
-7984
-1800
5305
13195
1889
-9653
-8640
-2191
12524
10524
1435
-14220
-10477
-679
17715
10965
1380
-9844
-12995
3880
12687
14720
-2220
-14002
-9574
2244
13372
14566
239
-11706
-14787
303
13202
15460
-2384
-9771
-8915
3594
10917
7810
-1372
-13942
-11409
-5376
9190
9414
2519
-8143
-9634
-2154
9442
5737
4337
-17394
-8634
-3747
11525
10592
2581
-6770
-12187
4358
6663
6937
2131
-9567
-10853
-5389
13884
15352
500
-11911
-14763
-696
14748
11637
-34
-9503
-13864
-1275
7270
6140
-1166
-8484
-12713
2916
8596
10997
-2431
-9870
-9489
-1775
8543
1877
-4835
-8511
-4750
1347
11475
13105
-5434
-7888
-10752
-2751
11364
11564
332
-8224
-10943
387
16090
3910
1291
-16055
-10614
5124
5789
11715
-2534
-8625
-10315
-3949
13357
13973
-3112
-13273
-6763
-1147
14278
16257
3072
-6750
-12821
2924
16331
15150
5946
-16926
-8724
618
12137
15164
37
-9309
-14240
584
13230
11486
-1477
-8091
-6161
1530
7467
11439
-330
-19656
-12289
2070
13666
4736
-894
-8667
-13426
2242
7956
14459
4617
-8685
-11935
-148
9255
9915
2042
-11082
-10857
2838
13258
12104
3232
-11135
-15576
-300
17495
10600
-3856
-10719
-12814
2764
15292
11063
3242
-12456
-13009
-4741
9860
15983
918
-13490
-13336
-1559
14207
11395
615
-10809
-11718
-5381
15823
6155
-8620
-12818
-8977
-104
10488
10844
1277
-10050
-8790
-2479
8249
14056
-1022
-13649
-15118
-3396
10106
13214
-3595
-6355
-6471
4082
11694
9955
3444
-11279
-10427
3494
5531
15148
-1673
-16990
-12233
-3020
8484
8210
2017
-13793
-13225
473
6857
14262
-8670
-12625
-13324
2328
12684
13301
-1654
-5271
-12908
11
9074
15530
-3130
-16040
-12374
6741
10476
8888
35
-10612
-12313
1581
6300
6657
-11652
-11086
-6623
780
11753
14121
-1119
-13342
-10464
2378
14825
7700
-786
-17517
-11985
-2497
12751
12834
3195
-6970
-6504
-6543
11470
7155
2408
-13340
-13451
-1878
8351
10145
3565
-8863
-11007
-851
1156
9295
1153
-10002
-10363
-3503
11036
8975
3939
-6787
-8447
-443
13450
8456
4593
-8819
-12615
2070
11119
13333
-2282
-10548
-13584
-4384
9103
9757
2486
-14861
-9298
-3009
14813
11634
-474
-15293
-15093
-724
15515
11542
-3315
-8432
-11694
2847
9532
11972
-4607
-14061
-9068
1747
15275
13010
589
-8960
-8735
3702
16536
13830
-505
-15701
-13522
-2690
9505
16152
-3009
-9161
-16215
-988
11078
9508
3321
-12442
-7293
-2183
7460
13340
6208
-6966
-7827
2126
16869
15852
-1033
-10881
-14245
-501
13948
12688
-3329
-7247
-8059
3851
12389
14535
1681
-9546
-11556
-1208
6877
10950
-2124
-13744
-12528
1356
6861
11945
-1050
-17022
-19364
2930
9912
13521
904
-13158
-8662
2683
11875
14607
1246
-8927
-15141
3522
5642
9749
2004
-12858
-9824
1857
9275
13915
873
-11209
-8307
-592
8026
13344
2417
-13943
-6582
-3668
8524
13109
-7100
-15703
-12614
3859
15898
8626
-2208
-10106
-8191
8420
12456
13998
-1397
-14591
-10918
866
8714
15196
4653
-10031
-6831
-1743
6950
7127
1333
-12485
-9890
3541
13125
13333
-5561
-13072
-12085
5063
11970
6195
5386
-9728
-11300
-1583
15319
8585
7182
-11947
-14534
-4434
10326
11510
-1250
-13684
-9491
-2533
12256
10481
2079
-16459
-8205
-3377
8562
14669
5653
-12731
-10657
-3925
6074
15199
2455
-11464
-13047
-4071
9526
16250
-786
-9485
-11042
-4377
5744
14794
730
